0 0.373591 0.922679 0.338245 0.154642 0.00469145
0 0.572258 0.00950915 0.523204 0.0190183 0.00464332
0 0.41617 0.907308 0.415616 0.163664 0.0046114
0 0.351758 0.850376 0.35003 0.225168 0.0045298
0 0.872169 0.0562293 0.25371 0.112459 0.00452564
0 0.829846 0.666609 0.340309 0.260593 0.00445052
0 0.84963 0.00979802 0.28329 0.019596 0.00444736
0 0.929046 0.867922 0.140252 0.264156 0.00442401
0 0.85853 0.0193822 0.276042 0.0387644 0.00440532
0 0.626465 0.962669 0.518683 0.0746617 0.00436938
0 0.271647 0.198432 0.35818 0.395893 0.00430713
0 0.53225 0.940321 0.401438 0.11416 0.00429022
0 0.949568 0.291489 0.100157 0.317263 0.00428998
0 0.531473 0.0434337 0.421987 0.0868675 0.0042758
0 0.475081 0.00916116 0.577444 0.0183223 0.00422645
0 0.511504 0.905408 0.41673 0.0839475 0.00422196
0 0.330839 0.799878 0.354734 0.329113 0.00421539
0 0.334273 0.0692056 0.348248 0.138411 0.00421045
0 0.937398 0.720247 0.125205 0.559505 0.00417626
0 0.435244 0.0127277 0.59093 0.0254553 0.00414918
0 0.775053 0.46058 0.410111 0.328228 0.00413339
0 0.121571 0.0739603 0.243142 0.147921 0.00412853
0 0.694127 0.781733 0.362978 0.263742 0.00412266
0 0.942824 0.854389 0.113983 0.235108 0.00409538
0 0.389713 0.0385361 0.502613 0.0770721 0.00407604
0 0.798944 0.958365 0.336334 0.0832696 0.00407238
0 0.532051 0.891491 0.374217 0.115993 0.00405896
0 0.759379 0.668144 0.481242 0.266096 0.00405458
0 0.981144 0.650501 0.0372686 0.347038 0.00404762
0 0.87627 0.577483 0.222843 0.171557 0.00402197
0 0.658555 0.61711 0.324871 0.0749567 0.00401569
0 0.917488 0.959763 0.161835 0.0804748 0.00399912
0 0.609076 0.928276 0.488562 0.125102 0.00398644
0 0.921806 0.560934 0.155267 0.287873 0.00397959
0 0.357996 0.536187 0.290129 0.376342 0.00397201
0 0.222083 0.91022 0.15265 0.179561 0.00396458
0 0.282912 0.42162 0.347602 0.21812 0.00395976
0 0.789896 0.923302 0.420208 0.153396 0.00392475
0 0.0344114 0.416952 0.0687635 0.314244 0.00391759
0 0.178041 0.394301 0.344406 0.266993 0.00390929
0 0.973295 0.708678 0.053276 0.582644 0.00390186
0 0.74744 0.753043 0.324561 0.284255 0.00390176
0 0.709843 0.608095 0.414177 0.096827 0.00388577
0 0.701552 0.020443 0.523857 0.0408861 0.00388572
0 0.978976 0.499165 0.0420487 0.658154 0.00388466
0 0.124336 0.0116272 0.248672 0.0232545 0.00388427
0 0.91927 0.068716 0.159182 0.137432 0.00386894
0 0.695803 0.977228 0.490072 0.0455436 0.00386582
0 0.327306 0.418447 0.190566 0.234196 0.00385278
0 0.612771 0.754473 0.290029 0.305908 0.00385188
0 0.914704 0.854324 0.142952 0.176611 0.00384357
0 0.123464 0.875869 0.246414 0.248262 0.00383457
0 0.858954 0.599791 0.265853 0.120202 0.00383316
0 0.606108 0.842032 0.280614 0.211481 0.00381721
0 0.474276 0.797561 0.472374 0.300972 0.00380641
0 0.413783 0.0489035 0.400543 0.0978071 0.00380598
0 0.199334 0.160386 0.275245 0.319828 0.00379912
0 0.161945 0.895399 0.302943 0.191155 0.00379014
0 0.57091 0.66538 0.343712 0.16886 0.00377892
0 0.11959 0.910691 0.237932 0.178618 0.00376978
0 0.0468005 0.812471 0.0927541 0.18694 0.00376271
0 0.552247 0.844169 0.329675 0.221753 0.0037546
0 0.23466 0.891918 0.182066 0.204019 0.00374807
0 0.279056 0.668531 0.169343 0.307918 0.00374206
0 0.730801 0.823878 0.37163 0.206991 0.00373397
0 0.739207 0.796336 0.319833 0.186442 0.00372734
0 0.778947 0.931348 0.323136 0.137304 0.00372303
0 0.623241 0.710597 0.2508 0.21159 0.00371578
0 0.35162 0.60671 0.332049 0.484911 0.00371295
0 0.837985 0.964355 0.318891 0.0712901 0.00370613
0 0.906631 0.678569 0.185954 0.233075 0.00370558
0 0.58476 0.922936 0.459545 0.0894672 0.0037053
0 0.237888 0.0628565 0.384088 0.125713 0.00369491
0 0.774923 0.859956 0.387028 0.280088 0.00369355
0 0.812202 0.808408 0.375596 0.225583 0.00369224
0 0.477838 0.923031 0.541374 0.142784 0.00368866
0 0.924321 0.361432 0.150513 0.389643 0.00367768
0 0.170686 0.772515 0.326396 0.392473 0.00367442
0 0.324896 0.179217 0.264857 0.354237 0.00366313
0 0.365975 0.890948 0.344138 0.169164 0.00366185
0 0.0484821 0.678296 0.0969326 0.356524 0.0036571
0 0.415109 0.756967 0.237066 0.280647 0.00365181
0 0.151853 0.456234 0.254876 0.16564 0.00364842
0 0.479858 0.517625 0.213743 0.423367 0.00364701
0 0.527144 0.916951 0.397469 0.0767716 0.00364302
0 0.0983163 0.370354 0.19583 0.211215 0.00364094
0 0.514267 0.936489 0.642571 0.105706 0.00364027
0 0.814277 0.73398 0.371445 0.332258 0.00363603
0 0.102619 0.131236 0.204166 0.262473 0.00363515
0 0.826014 0.494307 0.288663 0.308344 0.00363472
0 0.960757 0.0737648 0.07834 0.14753 0.00363414
0 0.450166 0.434563 0.131512 0.246869 0.00362625
0 0.685987 0.953617 0.49313 0.0927661 0.00362061
0 0.326294 0.725429 0.26249 0.332262 0.00361284
0 0.364789 0.763888 0.343529 0.307255 0.00361013
0 0.0341915 0.911651 0.068383 0.176699 0.00360399
0 0.717068 0.813654 0.449753 0.274044 0.00360062
0 0.348981 0.651856 0.30473 0.350485 0.00359491
0 0.682265 0.714233 0.350298 0.26071 0.00358986
0 0.377927 0.440073 0.0762862 0.204014 0.00358002
0 0.439686 0.896564 0.360187 0.107589 0.00357622
0 0.60235 0.686077 0.399413 0.185015 0.00355979
0 0.265998 0.874372 0.249828 0.24109 0.00355394
0 0.15874 0.709305 0.281685 0.491012 0.0035466
0 0.217476 0.114754 0.180831 0.229316 0.00353871
0 0.367115 0.405149 0.14887 0.258211 0.00353576
0 0.310195 0.48124 0.277435 0.24542 0.00353507
0 0.93412 0.17705 0.130935 0.346654 0.00353476
0 0.30059 0.374724 0.320621 0.161677 0.0035319
0 0.0720838 0.622356 0.144168 0.394925 0.00353024
0 0.103643 0.418057 0.207286 0.308937 0.00352596
0 0.517069 0.566145 0.319865 0.38469 0.00352399
0 0.647639 0.566846 0.316092 0.168557 0.0035214
0 0.53442 0.562922 0.358713 0.239049 0.0035187
0 0.0245769 0.386792 0.0491538 0.316042 0.00351797
0 0.414333 0.518865 0.414129 0.409234 0.00351109
0 0.189824 0.067719 0.104325 0.135438 0.00350972
0 0.542328 0.78409 0.454306 0.308374 0.00350605
0 0.895019 0.244927 0.207335 0.435201 0.00350479
0 0.18862 0.591645 0.324794 0.447667 0.00349944
0 0.122827 0.805633 0.244905 0.173833 0.00348944
0 0.858585 0.0423446 0.27516 0.0846892 0.00348378
0 0.918856 0.63872 0.161586 0.334071 0.00347275
0 0.782913 0.802754 0.247091 0.177804 0.00347042
0 0.916316 0.49843 0.150601 0.123711 0.00347019
0 0.642652 0.671043 0.33965 0.175864 0.00346774
0 0.789917 0.60683 0.400286 0.105952 0.0034672
0 0.0459099 0.772743 0.0918199 0.370528 0.00346485
0 0.709409 0.171624 0.413987 0.327242 0.00346425
0 0.669546 0.368748 0.348997 0.300736 0.00346372
0 0.693402 0.262694 0.423909 0.45331 0.00345857
0 0.192897 0.907526 0.385794 0.184949 0.00345763
0 0.640941 0.510394 0.276171 0.278299 0.0034506
0 0.656668 0.435771 0.3064 0.317781 0.00344236
0 0.512877 0.909485 0.55427 0.0840571 0.00344216
0 0.2838 0.149211 0.331942 0.298422 0.00343708
0 0.166603 0.198416 0.297447 0.270144 0.0034337
0 0.661223 0.983184 0.485059 0.033633 0.00343293
0 0.57555 0.954222 0.441868 0.0915559 0.00343095
0 0.165454 0.861652 0.330908 0.182661 0.00342554
0 0.136787 0.029135 0.273573 0.0582699 0.00342436
0 0.701523 0.453568 0.399084 0.329264 0.00342154
0 0.598308 0.801328 0.254139 0.232255 0.00341177
0 0.660322 0.750987 0.305704 0.260815 0.00341146
0 0.0473151 0.934552 0.0946303 0.130897 0.00340007
0 0.85546 0.440556 0.270639 0.228739 0.00339709
0 0.782477 0.552221 0.381603 0.210657 0.00339576
0 0.110804 0.619381 0.221125 0.363691 0.00339496
0 0.236691 0.0662224 0.200143 0.132445 0.00339489
0 0.110927 0.21003 0.208531 0.200592 0.00339319
0 0.816401 0.0150339 0.363008 0.0300679 0.00339037
0 0.913168 0.771599 0.167928 0.431769 0.00338774
0 0.676026 0.853973 0.422501 0.217104 0.00338623
0 0.624829 0.107527 0.238231 0.215055 0.00338542
0 0.0726864 0.157432 0.145373 0.303178 0.0033781
0 0.581295 0.576847 0.164873 0.164446 0.00337351
0 0.061832 0.268652 0.123664 0.537304 0.00337198
0 0.0935954 0.299339 0.187191 0.407992 0.0033718
0 0.427134 0.565751 0.340978 0.418833 0.00337044
0 0.575214 0.398376 0.162752 0.242628 0.00336814
0 0.0903677 0.0289915 0.180735 0.057983 0.0033672
0 0.928506 0.291485 0.141056 0.35516 0.00336567
0 0.792132 0.777451 0.314862 0.248656 0.00336174
0 0.510481 0.751338 0.339156 0.308689 0.00335549
0 0.052921 0.86222 0.105433 0.27556 0.00334987
0 0.683098 0.546102 0.346547 0.208016 0.00334452
0 0.754882 0.47619 0.306154 0.313557 0.00333964
0 0.0981539 0.514681 0.196305 0.154877 0.00333488
0 0.95946 0.869376 0.0806984 0.261248 0.00333033
0 0.397204 0.674638 0.26629 0.354211 0.00332888
0 0.0576416 0.443487 0.115283 0.265287 0.00331789
0 0.293915 0.0932046 0.318821 0.186409 0.00331486
0 0.899574 0.542201 0.174866 0.218947 0.00330899
0 0.893008 0.728255 0.213984 0.332513 0.00330714
0 0.111238 0.192823 0.222476 0.351574 0.00330623
0 0.979487 0.690321 0.0406456 0.467799 0.00330167
0 0.121555 0.275973 0.23656 0.326985 0.00329997
0 0.370924 0.465195 0.304474 0.28521 0.00329092
0 0.554105 0.0621511 0.384122 0.124302 0.00328841
0 0.700935 0.683476 0.416886 0.228118 0.00328655
0 0.0473521 0.745356 0.0941854 0.223662 0.00327886
0 0.587199 0.722787 0.362612 0.241293 0.00327642
0 0.562776 0.764002 0.341877 0.289789 0.00327337
0 0.192459 0.522533 0.248443 0.294188 0.00327131
0 0.0697591 0.105392 0.139518 0.210783 0.00327092
0 0.149118 0.638612 0.258536 0.445892 0.00326524
0 0.150999 0.154538 0.238859 0.309076 0.00326455
0 0.0462194 0.319018 0.0924387 0.638036 0.00325243
0 0.353173 0.493498 0.194574 0.260081 0.00325037
0 0.647953 0.0544024 0.396631 0.108805 0.00324483
0 0.944634 0.242775 0.110101 0.415778 0.00324438
0 0.50196 0.450972 0.325236 0.293146 0.00324037
0 0.829565 0.707295 0.34087 0.23916 0.00323356
0 0.277031 0.0741309 0.264756 0.148262 0.00323328
0 0.567115 0.829917 0.185734 0.170732 0.0032311
0 0.875285 0.526403 0.228118 0.247567 0.0032263
0 0.659935 0.0726253 0.211495 0.145251 0.00322049
0 0.868203 0.150537 0.249463 0.301074 0.0032199
0 0.211055 0.769568 0.215409 0.452946 0.00321936
0 0.84029 0.567761 0.262616 0.175138 0.0032166
0 0.439602 0.295021 0.241546 0.270409 0.00320806
0 0.140661 0.528822 0.281321 0.304909 0.00320427
0 0.206953 0.268561 0.413905 0.389003 0.00319625
0 0.503763 0.177208 0.351423 0.354416 0.00319314
0 0.957953 0.268343 0.0835325 0.242338 0.00318869
0 0.669262 0.596331 0.345466 0.150154 0.00318437
0 0.624679 0.83782 0.404898 0.210261 0.00318273
0 0.368325 0.721407 0.320399 0.248928 0.00317608
0 0.629291 0.798078 0.384557 0.258637 0.00317191
0 0.25859 0.486236 0.290229 0.294731 0.00317002
0 0.0309192 0.826913 0.0618384 0.346174 0.00316949
0 0.339544 0.956597 0.325602 0.0868053 0.00315725
0 0.236953 0.656967 0.269383 0.353387 0.00315013
0 0.0278977 0.319751 0.0557954 0.523084 0.00313917
0 0.557461 0.408385 0.223229 0.259793 0.00313896
0 0.408464 0.362354 0.24006 0.286492 0.00313641
0 0.319327 0.603394 0.248846 0.443845 0.00313348
0 0.115483 0.717059 0.20273 0.25405 0.00312402
0 0.608512 0.41332 0.230077 0.260899 0.00311253
0 0.372357 0.364825 0.176792 0.125445 0.00311208
0 0.482996 0.423062 0.194946 0.258702 0.00310251
0 0.546515 0.313285 0.439633 0.432353 0.00310211
0 0.538195 0.135629 0.451961 0.271257 0.00309774
0 0.306209 0.311899 0.292985 0.252468 0.00309517
0 0.34394 0.12088 0.319326 0.241761 0.00309024
0 0.606507 0.170322 0.306298 0.318136 0.00308861
0 0.272827 0.745045 0.236857 0.376289 0.00308579
0 0.304987 0.367913 0.322983 0.244091 0.00308491
0 0.954477 0.336761 0.0902497 0.442704 0.00308456
0 0.702236 0.315689 0.344554 0.490425 0.00308344
0 0.35907 0.492903 0.109738 0.227834 0.0030715
0 0.423946 0.437693 0.192824 0.255233 0.00306851
0 0.639584 0.374619 0.322093 0.227042 0.00306627
0 0.178569 0.787481 0.357138 0.238981 0.00306505
0 0.78713 0.135687 0.340075 0.271374 0.00305843
0 0.586707 0.28435 0.2499 0.350162 0.00305665
0 0.320947 0.90082 0.319161 0.196767 0.00305575
0 0.840837 0.989666 0.310731 0.0206683 0.00305568
0 0.590605 0.26242 0.277188 0.482622 0.00305278
0 0.255365 0.730926 0.256347 0.538148 0.00304703
0 0.661603 0.323315 0.356426 0.247624 0.00304547
0 0.508624 0.956898 0.627737 0.0862048 0.00304398
0 0.922015 0.451726 0.145609 0.174118 0.00304378
0 0.560928 0.526426 0.177363 0.164262 0.00304231
0 0.44979 0.692115 0.276992 0.290719 0.00303606
0 0.274871 0.600348 0.179705 0.441143 0.00302063
0 0.214328 0.682811 0.175227 0.634379 0.00299718
0 0.524301 0.295402 0.341732 0.373884 0.00299502
0 0.300661 0.400093 0.269143 0.209702 0.00298871
0 0.731858 0.713695 0.370805 0.227373 0.00298757
0 0.243464 0.798523 0.250516 0.384429 0.00298601
0 0.393219 0.388561 0.122714 0.305825 0.00298522
0 0.205456 0.514248 0.346066 0.334917 0.00298391
0 0.580328 0.609985 0.401287 0.253801 0.00298126
0 0.548462 0.6079 0.272007 0.191374 0.00297788
0 0.122418 0.756612 0.24469 0.207722 0.00297309
0 0.898411 0.060081 0.194454 0.119807 0.00297217
0 0.954172 0.422273 0.0914543 0.628044 0.00296245
0 0.824718 0.0989548 0.262446 0.19791 0.0029574
0 0.921476 0.115078 0.152449 0.2162 0.00295457
0 0.953113 0.193839 0.0933388 0.36666 0.00293063
0 0.417518 0.73226 0.288758 0.318126 0.00293044
0 0.555075 0.441497 0.263737 0.298604 0.00292707
0 0.732379 0.0484139 0.425589 0.0968278 0.00291705
0 0.840965 0.309688 0.318071 0.610672 0.00291202
0 0.666008 0.27727 0.384747 0.33604 0.00291089
0 0.510517 0.968665 0.329131 0.0626697 0.00290533
0 0.148087 0.48856 0.257164 0.220728 0.00287695
0 0.800526 0.0624734 0.3118 0.124947 0.00287444
0 0.107892 0.54794 0.212512 0.210779 0.00286804
0 0.369459 0.152295 0.332991 0.30459 0.00286583
0 0.264573 0.577968 0.265927 0.410927 0.00285677
0 0.41375 0.132657 0.215286 0.265314 0.00285483
0 0.299942 0.404312 0.43185 0.223017 0.0028528
0 0.12037 0.1739 0.205811 0.251983 0.00285066
0 0.180091 0.672193 0.217851 0.558771 0.00284637
0 0.386017 0.217014 0.380508 0.395904 0.00282466
0 0.218022 0.201168 0.271522 0.311093 0.00281938
0 0.900491 0.978034 0.19614 0.0439327 0.00281344
0 0.215364 0.226732 0.389273 0.268306 0.00281075
0 0.581421 0.131846 0.249125 0.259826 0.00280405
0 0.499193 0.680938 0.35851 0.294044 0.00280287
0 0.44953 0.939672 0.495936 0.120657 0.00279864
0 0.547689 0.225684 0.381924 0.414731 0.00278976
0 0.368835 0.18839 0.248225 0.367259 0.00277694
0 0.601759 0.333438 0.235208 0.242699 0.00276607
0 0.217653 0.441989 0.315676 0.171573 0.00276403
0 0.744561 0.327884 0.358373 0.560688 0.00275667
0 0.533308 0.409179 0.300769 0.282053 0.00272567
0 0.6858 0.0803376 0.384398 0.160675 0.00272074
0 0.746668 0.223638 0.32443 0.21343 0.00271289
0 0.95613 0.11069 0.0866629 0.208255 0.00271067
0 0.0998603 0.577005 0.199413 0.296924 0.00270816
0 0.666241 0.971489 0.600932 0.0570218 0.00269303
0 0.331379 0.343818 0.238292 0.149928 0.00267649
0 0.768983 0.168214 0.267247 0.328927 0.00267607
0 0.446533 0.210431 0.302388 0.420863 0.00266928
0 0.590147 0.362641 0.192496 0.186265 0.00265629
0 0.680951 0.10284 0.500767 0.20568 0.00261743
0 0.466209 0.268702 0.281706 0.329565 0.00261258
0 0.49539 0.5 0.99078 1 0.617532
