0 0.0289063 0.766883 0.0577728 0.429997 0.00482129
0 0.128909 0.928678 0.255838 0.138011 0.00477459
0 0.279784 0.0021087 0.559569 0.00421741 0.00459571
0 0.0796484 0.942139 0.157267 0.109339 0.00455298
0 0.760205 0.0477573 0.457517 0.0955147 0.00454204
0 0.262695 0.00816522 0.52539 0.0163304 0.00447419
0 0.816976 0.0398596 0.353689 0.0758947 0.00441559
0 0.806497 0.968994 0.331995 0.055359 0.00436361
0 0.820043 0.94991 0.331249 0.0927442 0.00430873
0 0.650894 0.0167258 0.609423 0.0334517 0.0042884
0 0.239815 0.52894 0.459766 0.103078 0.0042812
0 0.0117177 0.747673 0.0234354 0.436035 0.00427276
0 0.169067 0.0176182 0.338133 0.0352363 0.00424308
0 0.877837 0.485072 0.243219 0.04962 0.00424029
0 0.602959 0.0080439 0.640136 0.0160878 0.00423696
0 0.0439862 0.935783 0.0851211 0.121636 0.00419521
0 0.387254 0.0356646 0.411403 0.0713291 0.00419056
0 0.424054 0.013961 0.58234 0.0279221 0.00415208
0 0.192857 0.528016 0.32889 0.114371 0.00413898
0 0.214128 0.965953 0.425614 0.0641639 0.00412601
0 0.202803 0.47067 0.297943 0.181453 0.00412504
0 0.990104 0.243646 0.0196683 0.487292 0.00412116
0 0.0133714 0.93306 0.0262561 0.128955 0.00411786
0 0.738987 0.392809 0.382199 0.27302 0.00409685
0 0.838462 0.385424 0.260854 0.251322 0.00409535
0 0.971592 0.940475 0.0566112 0.11905 0.00408465
0 0.764006 0.413728 0.272545 0.267196 0.00406842
0 0.551294 0.306872 0.369725 0.247564 0.00406763
0 0.364691 0.0210534 0.390489 0.0405018 0.00405213
0 0.985175 0.271788 0.0296509 0.477061 0.00403399
0 0.912171 0.955475 0.169918 0.0843946 0.00403002
0 0.391991 0.543402 0.396222 0.153667 0.00402784
0 0.744208 0.00437915 0.511584 0.00875831 0.00402059
0 0.187532 0.0315444 0.35741 0.0596506 0.00401814
0 0.149209 0.0479253 0.297887 0.0945042 0.00401635
0 0.154703 0.57057 0.309407 0.160921 0.00401127
0 0.276106 0.974419 0.254029 0.0457846 0.00400015
0 0.876151 0.000854438 0.247698 0.00170888 0.0039906
0 0.255881 0.506063 0.503076 0.0624614 0.00398898
0 0.426843 0.00532561 0.55833 0.0106512 0.00398409
0 0.0156355 0.765067 0.031271 0.439151 0.00397615
0 0.727579 0.391945 0.544842 0.266479 0.00396336
0 0.445899 0.974168 0.366706 0.0465178 0.00395961
0 0.0557014 0.888553 0.104493 0.178046 0.00394055
0 0.804597 0.897955 0.26569 0.197656 0.00393832
0 0.71209 0.852664 0.223298 0.270891 0.00392456
0 0.202079 0.356798 0.35442 0.227575 0.00392255
0 0.183244 0.00930931 0.36499 0.0186186 0.00392008
0 0.299037 0.543883 0.332862 0.161875 0.00391323
0 0.965642 0.733903 0.0686503 0.267 0.00390419
0 0.430676 0.814858 0.21798 0.262575 0.00389832
0 0.80226 0.83588 0.195426 0.232324 0.00389544
0 0.515376 0.56951 0.431895 0.195961 0.00389217
0 0.875501 0.0352766 0.248998 0.0705533 0.00389109
0 0.162925 0.871882 0.256481 0.243216 0.00388566
0 0.260429 0.694445 0.229856 0.323813 0.00387726
0 0.0877424 0.251607 0.172452 0.212008 0.00387464
0 0.121778 0.360417 0.237062 0.246483 0.00387337
0 0.505355 0.167389 0.428058 0.3112 0.00387263
0 0.200766 0.0019997 0.398375 0.00399941 0.0038636
0 0.133847 0.530839 0.267217 0.130175 0.00386177
0 0.0597081 0.854396 0.116789 0.260321 0.00385389
0 0.228618 0.978649 0.401883 0.0393325 0.0038428
0 0.699103 0.343425 0.541905 0.265125 0.00384277
0 0.213336 0.951376 0.426672 0.0916571 0.00383206
0 0.124578 0.857082 0.224447 0.263136 0.00382959
0 0.976448 0.369347 0.0468116 0.325754 0.00381997
0 0.900043 0.373317 0.199914 0.260207 0.00381727
0 0.0223103 0.398706 0.0445567 0.422144 0.00381113
0 0.488346 0.882085 0.195911 0.231217 0.00380956
0 0.926835 0.877165 0.144923 0.213588 0.00380503
0 0.980986 0.177083 0.0375649 0.265358 0.00379518
0 0.911765 0.48009 0.176057 0.0363793 0.00379278
0 0.545572 0.78475 0.164545 0.232407 0.00379004
0 0.830114 0.43916 0.244537 0.175596 0.00377965
0 0.964603 0.809162 0.0704943 0.123749 0.00377885
0 0.806263 0.50231 0.383822 0.0897939 0.00377438
0 0.929285 0.372223 0.141329 0.246428 0.00377092
0 0.0987445 0.54312 0.197379 0.110383 0.00376854
0 0.722242 0.968167 0.366743 0.0578458 0.00376509
0 0.157486 0.419371 0.250813 0.232267 0.00375678
0 0.0327235 0.561656 0.0650743 0.0676386 0.00375096
0 0.984304 0.154193 0.0309787 0.220598 0.00374816
0 0.855033 0.421994 0.22893 0.189379 0.00374692
0 0.836435 0.861346 0.195386 0.180752 0.00374621
0 0.0477492 0.423501 0.0953002 0.330519 0.00374443
0 0.237989 0.430373 0.276513 0.214413 0.0037444
0 0.670129 0.290696 0.16434 0.316482 0.00374307
0 0.10093 0.43351 0.20186 0.338632 0.0037412
0 0.939197 0.783839 0.118201 0.161613 0.00373905
0 0.868237 0.912987 0.245526 0.161734 0.00373427
0 0.743257 0.0553745 0.364542 0.110163 0.00373359
0 0.0860144 0.161216 0.168712 0.191203 0.00373275
0 0.268885 0.0211001 0.532428 0.0412172 0.00373168
0 0.286938 0.943051 0.186487 0.0917337 0.00373142
0 0.813826 0.117725 0.363816 0.159704 0.00373064
0 0.979283 0.270204 0.0410027 0.450112 0.00372649
0 0.576704 0.4475 0.551124 0.200821 0.00372078
0 0.119265 0.0640535 0.234736 0.121546 0.00372021
0 0.400895 0.972285 0.212674 0.0500502 0.0037121
0 0.159113 0.26691 0.318226 0.260544 0.00370811
0 0.590609 0.735327 0.234402 0.281178 0.00369768
0 0.273587 0.57013 0.468664 0.198707 0.00368407
0 0.973001 0.701778 0.0539977 0.308838 0.00368225
0 0.548907 0.746498 0.204731 0.234795 0.00367828
0 0.265037 0.37454 0.257871 0.129106 0.00367762
0 0.437017 0.858266 0.184793 0.244333 0.00367197
0 0.645665 0.419552 0.242328 0.27736 0.00367137
0 0.47874 0.419366 0.504374 0.236137 0.00367115
0 0.236111 0.544649 0.344828 0.159153 0.00366952
0 0.0944071 0.792806 0.188814 0.315992 0.00366581
0 0.421118 0.503308 0.444267 0.064545 0.00366373
0 0.150725 0.947982 0.296823 0.0986627 0.00365938
0 0.293958 0.682045 0.146863 0.34905 0.00365719
0 0.706089 0.0691481 0.247337 0.126053 0.00365274
0 0.699518 0.309891 0.264782 0.321613 0.00365094
0 0.864172 0.0639141 0.271657 0.12004 0.00364825
0 0.881101 0.474508 0.236079 0.0675286 0.00364813
0 0.209717 0.762259 0.311576 0.253801 0.00364437
0 0.186874 0.819656 0.288913 0.307705 0.00364158
0 0.249137 0.854577 0.2104 0.26797 0.00363663
0 0.514064 0.97549 0.252348 0.0442354 0.00363342
0 0.911343 0.910563 0.165078 0.167114 0.0036309
0 0.20874 0.304529 0.390558 0.238073 0.00362956
0 0.246101 0.45995 0.381737 0.166751 0.00362633
0 0.719612 0.295199 0.433728 0.387713 0.00362599
0 0.309122 0.870355 0.144608 0.222732 0.00362505
0 0.457956 0.320964 0.317029 0.196272 0.00362487
0 0.416473 0.0237163 0.405671 0.0436883 0.00362481
0 0.90029 0.568954 0.19942 0.235981 0.00362179
0 0.990207 0.322998 0.0192211 0.352794 0.0036178
0 0.661094 0.829091 0.198862 0.310199 0.00361597
0 0.116557 0.0363325 0.229862 0.067285 0.0036144
0 0.892789 0.868248 0.213016 0.186374 0.00361437
0 0.303081 0.494037 0.53767 0.0851504 0.00361024
0 0.667871 0.0638318 0.189235 0.124614 0.00360635
0 0.724147 0.473749 0.212241 0.132641 0.00360606
0 0.420589 0.903634 0.176704 0.18528 0.00360251
0 0.919992 0.640782 0.158982 0.336951 0.00360237
0 0.272855 0.738612 0.254993 0.234035 0.00360011
0 0.779868 0.477559 0.209964 0.123711 0.00359977
0 0.469292 0.808525 0.194245 0.266525 0.00359511
0 0.371639 0.816782 0.216227 0.280558 0.00359239
0 0.302482 0.361569 0.206404 0.0983048 0.00359149
0 0.630191 0.897053 0.193799 0.205124 0.00359042
0 0.834488 0.818873 0.19807 0.260299 0.00358599
0 0.34286 0.846613 0.171708 0.258877 0.00358482
0 0.398262 0.263646 0.418509 0.234005 0.00358296
0 0.035366 0.0624405 0.070732 0.124881 0.00357737
0 0.153739 0.0314309 0.307477 0.0628617 0.00357687
0 0.715383 0.35806 0.454453 0.20924 0.00357605
0 0.941905 0.295056 0.111195 0.213943 0.00357566
0 0.764084 0.905111 0.220339 0.189779 0.00357462
0 0.287957 0.971516 0.337785 0.052323 0.00357426
0 0.578167 0.851802 0.198857 0.256783 0.0035738
0 0.102919 0.580974 0.205838 0.188716 0.00356911
0 0.325479 0.890727 0.12176 0.163078 0.00356909
0 0.758145 0.219205 0.410516 0.21717 0.00356405
0 0.206075 0.505977 0.314911 0.0624415 0.00356193
0 0.194763 0.899733 0.383562 0.192619 0.00355879
0 0.521232 0.880359 0.180186 0.230519 0.00355522
0 0.250661 0.0309184 0.500718 0.0610354 0.00355356
0 0.949495 0.356855 0.100087 0.28752 0.00354414
0 0.647489 0.44261 0.311686 0.223582 0.003543
0 0.890311 0.640148 0.219378 0.313002 0.00354136
0 0.927215 0.812023 0.142458 0.117333 0.0035392
0 0.0839065 0.100727 0.163106 0.107429 0.00353793
0 0.952012 0.635218 0.0957424 0.301842 0.00353753
0 0.506985 0.476242 0.474911 0.119152 0.00353529
0 0.51914 0.579521 0.52542 0.238612 0.00353242
0 0.209637 0.852869 0.244135 0.270066 0.00353102
0 0.963565 0.877941 0.0726021 0.224296 0.0035301
0 0.589606 0.785237 0.20685 0.255119 0.00352913
0 0.439335 0.0289639 0.576265 0.0579279 0.00352465
0 0.351378 0.151256 0.496776 0.300878 0.00352308
0 0.86502 0.497133 0.267347 0.0689392 0.00352232
0 0.315003 0.296338 0.266688 0.209367 0.00352094
0 0.938991 0.206729 0.120364 0.202259 0.00351958
0 0.783886 0.0647481 0.418044 0.125655 0.00351626
0 0.294304 0.44703 0.52693 0.183932 0.00351528
0 0.522357 0.463893 0.599847 0.158562 0.00350955
0 0.567102 0.0307174 0.595483 0.0614121 0.00350339
0 0.237153 0.957163 0.294345 0.0795508 0.00350143
0 0.56011 0.976644 0.203345 0.041111 0.00350093
0 0.134769 0.465164 0.269538 0.271779 0.00350073
0 0.581696 0.269257 0.331505 0.28173 0.00349802
0 0.542203 0.421055 0.360968 0.26924 0.00349096
0 0.720288 0.778849 0.211758 0.331956 0.00348669
0 0.271928 0.875129 0.186588 0.23871 0.00348533
0 0.0748033 0.520963 0.148508 0.149736 0.0034847
0 0.30161 0.247265 0.307468 0.201646 0.00348302
0 0.0897677 0.193318 0.177242 0.272251 0.00348074
0 0.498187 0.259463 0.311543 0.266431 0.00347834
0 0.838028 0.834481 0.191025 0.118242 0.00347825
0 0.523362 0.818784 0.176078 0.254901 0.00347709
0 0.77643 0.00929317 0.423322 0.0185863 0.00347305
0 0.623749 0.714701 0.240723 0.282582 0.00347226
0 0.517202 0.504515 0.461679 0.0697007 0.00347137
0 0.53994 0.105035 0.354106 0.171213 0.00346933
0 0.559638 0.320189 0.381528 0.340572 0.00346813
0 0.314242 0.745497 0.141085 0.230248 0.00346707
0 0.63282 0.216691 0.2366 0.207488 0.00346618
0 0.897945 0.432669 0.203942 0.142302 0.00346543
0 0.928878 0.712361 0.140267 0.293839 0.00346256
0 0.982973 0.367467 0.0338379 0.38915 0.00346077
0 0.169323 0.775831 0.226576 0.272602 0.00345557
0 0.163514 0.136743 0.327029 0.269137 0.00344928
0 0.84448 0.00372384 0.311041 0.00744767 0.00344623
0 0.101963 0.299836 0.199882 0.241085 0.00344315
0 0.882446 0.957177 0.220145 0.0789577 0.00344175
0 0.799502 0.000228549 0.400997 0.000457098 0.00344157
0 0.861778 0.0245428 0.276444 0.0490856 0.00344066
0 0.762943 0.850256 0.245378 0.259494 0.00343981
0 0.103847 0.905707 0.204231 0.173237 0.0034396
0 0.599511 0.0239969 0.413992 0.0469212 0.00343763
0 0.248002 0.260128 0.234221 0.231973 0.00343458
0 0.786481 0.873994 0.232635 0.206059 0.00343312
0 0.458856 0.317233 0.44866 0.183813 0.00342585
0 0.211187 0.795577 0.214781 0.223307 0.00342289
0 0.423979 0.435141 0.364577 0.201157 0.00341924
0 0.373348 0.301785 0.329397 0.17755 0.00341875
0 0.908908 0.767623 0.174466 0.205269 0.00341632
0 0.465825 0.899808 0.21794 0.200384 0.00341197
0 0.96557 1 0.0688606 0 0.0034107
0 0.584373 0.541145 0.52313 0.174869 0.00340649
0 0.558834 0.454754 0.37317 0.192796 0.00340279
0 0.353823 0.442872 0.25741 0.181167 0.00340041
0 0.55991 0.658979 0.373574 0.295486 0.00339957
0 0.317811 0.0157379 0.627099 0.0314757 0.00339287
0 0.570906 0.383845 0.348478 0.28841 0.00338806
0 0.772795 0.0897852 0.181298 0.0867089 0.00338557
0 0.160854 0.835558 0.228961 0.258729 0.003385
0 0.637459 0.0346454 0.225593 0.0675208 0.00338404
0 0.22516 0.754253 0.23798 0.227954 0.00338135
0 0.929329 0.270278 0.121969 0.163169 0.00337971
0 0.490612 0.364306 0.274899 0.226253 0.00337871
0 0.683786 0.417639 0.206208 0.271102 0.00337692
0 0.608242 0.82503 0.20388 0.287247 0.00337504
0 0.355838 0.0704943 0.279807 0.133156 0.00337469
0 0.789152 0.779828 0.197694 0.323207 0.00337467
0 0.87682 0.82544 0.117264 0.0924013 0.0033714
0 0.983529 0.066892 0.0329415 0.124664 0.00337098
0 0.596308 0.226549 0.289334 0.192583 0.00337086
0 0.274967 0.291039 0.206706 0.21654 0.0033697
0 0.590977 0.107491 0.297805 0.197315 0.00336638
0 0.662501 0.897944 0.1778 0.201287 0.00336581
0 0.598112 0.975254 0.229074 0.0442781 0.00336576
0 0.640507 0.28205 0.223802 0.294975 0.00336519
0 0.900123 0.690674 0.193698 0.25066 0.00336187
0 0.834883 0.211651 0.254089 0.197107 0.00335484
0 0.413737 0.0701965 0.163194 0.129015 0.00335189
0 0.81174 0.466159 0.245425 0.127252 0.00335053
0 0.305068 0.805312 0.17092 0.297914 0.00334831
0 0.112386 0.635897 0.222721 0.26051 0.00334791
0 0.27112 0.933582 0.223433 0.116855 0.00334602
0 0.2988 0.425293 0.359069 0.234528 0.00333859
0 0.321526 0.94354 0.120207 0.0835 0.00333823
0 0.546802 0.236579 0.355017 0.2339 0.00333557
0 0.259156 0.0651612 0.18384 0.1227 0.00332774
0 0.61746 0.157022 0.261243 0.311092 0.00332481
0 0.702214 0.903509 0.209418 0.192982 0.00332442
0 0.6858 0.786243 0.202027 0.316952 0.0033228
0 0.374002 0.861071 0.207312 0.227352 0.00331259
0 0.200541 0.932207 0.40045 0.122841 0.00331027
0 0.824805 0.519175 0.350391 0.146609 0.00330916
0 0.674959 0.972473 0.313436 0.0504344 0.00330817
0 0.95515 0.240257 0.0746065 0.133141 0.00330765
0 0.752919 0.11313 0.20463 0.179356 0.00330617
0 0.771311 0.301138 0.363205 0.278346 0.00330571
0 0.824676 0.556282 0.343567 0.189857 0.00330415
0 0.352416 0.358732 0.301108 0.0985879 0.00329875
0 0.421781 0.772325 0.255765 0.2564 0.0032982
0 0.345368 0.748518 0.2021 0.231951 0.00329694
0 0.773603 0.499325 0.256965 0.0773992 0.00329545
0 0.574447 0.691433 0.274418 0.321305 0.00329437
0 0.848917 0.124827 0.302165 0.239457 0.00329315
0 0.667247 0.744095 0.244643 0.293703 0.00329306
0 0.283114 0.355568 0.161316 0.0882214 0.00329175
0 0.647793 0.874954 0.192963 0.23098 0.00329147
0 0.828603 0.300104 0.279188 0.26613 0.00328698
0 0.591861 0.499399 0.509881 0.100464 0.00328629
0 0.942955 0.231224 0.0843353 0.152078 0.00328583
0 0.117425 0.191748 0.199886 0.383495 0.00328274
0 0.802068 0.174913 0.342409 0.161145 0.00327705
0 0.208411 0.910273 0.295779 0.165757 0.00327497
0 0.192982 0.163922 0.262084 0.319259 0.00326981
0 0.804169 0.500704 0.385846 0.130953 0.00326934
0 0.915023 0.577183 0.166649 0.192943 0.00326925
0 0.7475 0.657381 0.186473 0.208399 0.00326833
0 0.514291 0.302367 0.312695 0.200848 0.0032659
0 0.663563 0.367552 0.193871 0.302039 0.00326304
0 0.650119 0.527879 0.455399 0.124593 0.00326004
0 0.172016 0.72218 0.228376 0.289401 0.00325748
0 0.690836 0.466361 0.260866 0.158846 0.00325634
0 0.963478 0.760887 0.0721385 0.193434 0.00325156
0 0.0305349 0.541252 0.060979 0.112105 0.00324995
0 0.680991 0.511898 0.519775 0.0643955 0.0032471
0 0.814639 0.959246 0.280272 0.0663843 0.00324693
0 0.410269 0.150595 0.248943 0.285805 0.00324504
0 0.294369 0.0593314 0.200727 0.11164 0.00323997
0 0.498944 0.538644 0.99031 0.233432 0.317852
